Trajectory Time [s]	Flow Trajectories 1_1				
-0.007805173	99.90559588	99.90553333	99.90563836	99.90553515	99.90564116
-0.006926917	98.12662113	98.10341266	97.90792916	98.10346587	97.90800789
-0.006401333	90.01704645	89.90716155	89.04150625	89.90740831	89.04186551
-0.006217371	85.08631387	85.19464895	85.46629535	85.19449069	85.4659843
-0.006138316	87.83326877	87.88156783	89.33763198	87.88147689	89.33740164
-0.006079932	91.95445504	92.00117762	92.03566327	92.00108788	92.03548562
-0.006027958	94.30726848	94.34432729	94.3713347	94.34425685	94.37125416
-0.005984672	95.44987911	95.46907266	95.48389249	95.46903661	95.48382093
-0.005945871	96.46345571	96.48129146	96.49539874	96.48125841	96.49533318
-0.005910858	97.30427535	97.31548498	97.32458233	97.31546451	97.32454172
-0.005879151	97.88735952	97.89842627	97.90763475	97.89840645	97.90759546
-0.005848876	98.46851822	98.47984857	98.48950884	98.47983237	98.48948154
-0.005819897	99.04742631	99.05884152	99.06881262	99.05883783	99.06879808
-0.005792551	99.55406458	99.56367921	99.57225628	99.56367831	99.5722551
-0.005767094	100.0047647	100.013856	100.0221877	100.0138551	100.0221865
-0.005742363	100.4369908	100.4459359	100.4543169	100.4459348	100.4543154
-0.005718531	100.8493067	100.8579294	100.8661833	100.8579282	100.8661816
-0.005696003	101.1344015	101.1402062	101.1458872	101.1402053	101.1458859
-0.005675056	101.3880587	101.3935785	101.3990918	101.3935776	101.3990903
-0.005652901	101.6571079	101.6626291	101.6681438	101.6626282	101.6681424
-0.005630804	101.9262209	101.9317433	101.9372593	101.9317424	101.9372578
-0.005608765	102.1781654	102.1826631	102.1871572	102.1826623	102.187156
-0.005586775	102.3972368	102.401733	102.4062257	102.4017323	102.4062245
-0.005564833	102.616236	102.6207307	102.6252219	102.62073	102.6252207
-0.005542937	102.8351574	102.8396504	102.8441399	102.8396497	102.8441388
-0.005521087	103.0539953	103.0584866	103.0629743	103.0584858	103.0629731
-0.005499279	103.2184858	103.2216876	103.2248907	103.2216871	103.2248899
-0.005479481	103.3608232	103.3640567	103.3672917	103.3640562	103.3672908
-0.005459711	103.504543	103.5078076	103.5110739	103.5078071	103.511073
-0.005439969	103.6496211	103.6529164	103.6562134	103.6529158	103.6562125
-0.005418284	103.8062476	103.8085808	103.8109207	103.8085804	103.8109201
-0.005398595	103.911666	103.9141094	103.9165603	103.914109	103.9165596
-0.005378926	104.0219016	104.0244537	104.0270137	104.0244532	104.0270131
-0.005359279	104.136879	104.1395381	104.1422056	104.1395376	104.1422049
-0.005339653	104.2565226	104.2592869	104.2620602	104.2592864	104.2620595
-0.005320051	104.3829646	104.3861359	104.3893186	104.3861354	104.3893178
-0.005300475	104.5275027	104.5308838	104.5342773	104.5308832	104.5342764
-0.005280926	104.6811767	104.6847635	104.688364	104.6847629	104.688363
-0.005261407	104.8438096	104.8475981	104.8514014	104.8475974	104.8514004
-0.005241919	105.0152209	105.019207	105.0232092	105.0192064	105.0232081
-0.005222464	105.1958487	105.2000106	105.2041752	105.2000099	105.2041741
-0.005201102	105.3842268	105.3879001	105.3915783	105.3878995	105.3915773
-0.005179775	105.5608149	105.5644097	105.568009	105.5644091	105.568008
-0.005158485	105.7336439	105.7371618	105.7406838	105.7371613	105.7406829
-0.005137228	105.902795	105.9062377	105.909684	105.9062371	105.9096831
-0.005116002	106.0290765	106.0313912	106.0337138	106.0313908	106.0337132
-0.005094798	106.140999	106.1433007	106.1456103	106.1433003	106.1456097
-0.005073617	106.2522962	106.254585	106.2568818	106.2545847	106.2568812
-0.005052457	106.3629754	106.3652516	106.3675357	106.3652512	106.3675351
-0.00503132	106.4683325	106.4702458	106.472168	106.4702455	106.4721674
-0.005010202	106.5606217	106.5625197	106.5644264	106.5625194	106.5644259
-0.004989102	106.6521728	106.6540556	106.6559472	106.6540553	106.6559467
-0.004968019	106.742997	106.744865	106.7467415	106.7448646	106.746741
-0.004946955	106.8331056	106.8349589	106.8368208	106.8349586	106.8368203
-0.004925907	106.904749	106.9061397	106.9075403	106.9061395	106.9075399
-0.004904872	106.9716557	106.9730356	106.9744254	106.9730354	106.9744251
-0.00488385	107.038044	107.0394133	107.0407925	107.0394131	107.0407921
-0.004862842	107.1039209	107.1052797	107.1066483	107.1052795	107.106648
-0.004841845	107.1601422	107.1609495	107.1617683	107.1609493	107.1617681
-0.004820857	107.1987728	107.1995777	107.2003942	107.1995775	107.200394
-0.004799877	107.237286	107.2380885	107.2389026	107.2380884	107.2389024
-0.004778904	107.2756778	107.2764778	107.2772894	107.2764777	107.2772892
-0.004757939	107.313944	107.3147414	107.3155505	107.3147413	107.3155503
-0.004736979	107.325494	107.3256796	107.3258791	107.3256796	107.3258791
-0.004717925	107.3332611	107.3334564	107.3336658	107.3334564	107.3336658
-0.004698874	107.3414403	107.3416448	107.3418637	107.3416448	107.3418636
-0.004677918	107.3508903	107.3511046	107.3513333	107.3511045	107.3513332
-0.004656964	107.3574487	107.3573963	107.3573599	107.3573963	107.3573599
-0.004637916	107.355072	107.355051	107.3550465	107.355051	107.3550465
-0.004618867	107.354039	107.3540482	107.3540744	107.3540482	107.3540744
-0.004599817	107.3540006	107.3540975	107.354094	107.3540975	107.354094
-0.004578864	107.3556498	107.3557335	107.3557563	107.3557335	107.3557563
-0.00455791	107.3534217	107.3533342	107.3531834	107.3533342	107.3531834
-0.00453886	107.3492584	107.3492329	107.3491398	107.3492329	107.3491398
-0.00451981	107.3476925	107.3477264	107.3476885	107.3477264	107.3476885
-0.00450076	107.3486087	107.3486994	107.3487344	107.3486994	107.3487343
-0.00448171	107.3508666	107.3509124	107.3514454	107.3509124	107.3514454
-0.004460755	107.3442683	107.3440036	107.3428797	107.3440036	107.3428798
-0.004441703	107.3367588	107.3365672	107.3358594	107.3365672	107.3358594
-0.004422651	107.3325884	107.3324659	107.3321525	107.3324659	107.3321525
-0.004403598	107.3315802	107.3315227	107.331582	107.3315227	107.331582
-0.004384545	107.3317754	107.3317911	107.3411362	107.3317911	107.3411359
-0.004363593	107.4057534	107.4074457	107.4240406	107.4074455	107.4240403
-0.004342658	107.4864621	107.4880971	107.5041297	107.4880969	107.5041294
-0.004321738	107.5644404	107.5660203	107.5815128	107.5660201	107.5815125
-0.004300833	107.6397975	107.6413245	107.6562989	107.6413243	107.6562986
-0.004281842	107.7160722	107.7181267	107.7475135	107.7181266	107.7475134
-0.004260968	107.8126635	107.8145587	107.840641	107.8145586	107.8406409
-0.004240113	107.8978917	107.8995447	107.9223688	107.8995446	107.9223688
-0.004219272	107.9722684	107.9736956	107.9934964	107.9736956	107.9934963
-0.004198445	108.036596	108.037814	108.0387127	108.037814	108.0387127
-0.004177623	108.0254466	108.0250527	108.0194109	108.0250527	108.0194109
-0.004156797	108.006315	108.0059282	108.0031993	108.0059283	108.0031993
-0.004135891	107.9991611	107.9995435	107.9971751	107.9995435	107.9971751
-0.004114976	107.9928471	107.9932592	107.9907277	107.9932592	107.9907277
-0.00409406	107.9825496	107.9835356	107.9778627	107.9835356	107.9778627
-0.004075042	107.968105	107.9692906	107.9619435	107.9692906	107.9619435
-0.00405412	107.9527532	107.9538769	107.9464792	107.9538769	107.9464792
-0.004033195	107.9370369	107.9381905	107.9305902	107.9381905	107.9305902
-0.004017975	107.9253379	107.9279856	107.9112287	107.9279856	107.9112286
-0.003997045	107.9029874	107.9071277	107.8856431	107.9071277	107.885643
-0.003978012	107.8793432	107.883823	107.8582697	107.883823	107.8582697
-0.003957072	107.8522024	107.8563906	107.8318034	107.8563906	107.8318034
-0.003936126	107.8256323	107.8298926	107.8048843	107.8298925	107.8048843
-0.003915175	107.7973123	107.8029411	107.7694926	107.802941	107.7694925
-0.003894218	107.7610835	107.7668998	107.7362492	107.7668998	107.7362491
-0.003873253	107.7239593	107.7336259	107.6974763	107.7336259	107.6974763
-0.003854188	107.6888176	107.6948681	107.6633809	107.6948681	107.6633809
-0.00383321	107.651179	107.6573099	107.6227864	107.6573099	107.6227864
-0.003812223	107.6076775	107.6152603	107.5757888	107.6152603	107.5757888
-0.003791228	107.5605111	107.5681786	107.5282625	107.5681786	107.5282625
-0.003772133	107.5170519	107.5249164	107.4829521	107.5249165	107.4829521
-0.00375112	107.466838	107.4794074	107.4338631	107.4794074	107.4338631
-0.003730096	107.4176117	107.4303776	107.3815102	107.4303777	107.3815102
-0.003709063	107.3642199	107.3776985	107.3277202	107.3776985	107.3277202
-0.003688019	107.3102381	107.3238665	107.2733307	107.3238665	107.2733307
-0.003668879	107.2606399	107.269434	107.2217574	107.269434	107.221757
-0.003647815	107.2032868	107.2177137	107.1652089	107.2177136	107.1652088
-0.003626739	107.1467919	107.1612331	107.1078536	107.1612331	107.1078535
-0.003605652	107.0892412	107.1038353	107.0498898	107.1038353	107.0498897
-0.003584554	107.0310796	107.0458284	106.99131	107.0458284	106.9913098
-0.003565364	106.9776689	106.987205	106.930381	106.9872049	106.9303812
-0.003544243	106.9164946	106.9260371	106.8718282	106.926037	106.871828
-0.003523111	106.8583101	106.8676707	106.8132184	106.8676706	106.8132182
-0.003501967	106.7995724	106.8090219	106.7636396	106.8090218	106.7636395
-0.003482782	106.7530472	106.760415	106.7181193	106.7604149	106.7181192
-0.003463622	106.7117539	106.7190412	106.6703103	106.7190411	106.6703101
-0.003442536	106.6525396	106.6718674	106.5925557	106.6718673	106.5925554
-0.003421436	106.5740718	106.5941689	106.511594	106.5941687	106.5115937
-0.00340032	106.4923165	106.5132722	106.4271403	106.5132721	106.42714
-0.003379187	106.4070093	106.4288888	106.338936	106.4288887	106.3389357
-0.003358037	106.3175482	106.3407601	106.2227611	106.34076	106.2227605
-0.003336864	106.1769277	106.2256493	106.0795542	106.2256491	106.0795534
-0.003315662	106.0328906	106.0825258	105.9335512	106.0825254	105.9335504
-0.00329443	105.8856331	105.9366146	105.7835587	105.9366142	105.7835579
-0.003273169	105.7343097	105.786711	105.6282713	105.7867106	105.6282704
-0.003251877	105.5763862	105.631604	105.4654751	105.6316036	105.4654743
-0.003230552	105.4123188	105.4688351	105.3004158	105.4688347	105.3004151
-0.003211137	105.262027	105.3037967	105.1501752	105.3037965	105.1501746
-0.003189748	105.0965995	105.1535337	104.9835129	105.1535335	104.9835123
-0.003168326	104.9293683	104.9869084	104.8317809	104.9869081	104.8317803
-0.003146869	104.7628836	104.8351546	104.6793934	104.8351543	104.6793926
-0.003127333	104.6093364	104.682855	104.5101657	104.6828547	104.510164
-0.00310581	104.4403168	104.513617	104.3417389	104.5136163	104.341737
-0.003084253	104.2723797	104.3451347	104.1893308	104.3451339	104.189329
-0.003064625	104.1323687	104.1927328	104.0655422	104.192732	104.0655407
-0.003043008	103.9974108	104.0682738	103.9301287	104.0682731	103.9301272
-0.003021362	103.8607724	103.9329411	103.7929026	103.9329404	103.7929011
-0.002999688	103.7240349	103.7956953	103.6566451	103.7956946	103.6566437
-0.002979959	103.6008996	103.659418	103.5429538	103.6594173	103.5429526
-0.002960209	103.4983558	103.5452162	103.435159	103.5452156	103.4351578
-0.002938462	103.3907184	103.437413	103.3375019	103.4374124	103.3375008
-0.002918672	103.292075	103.3297448	103.2280542	103.3297443	103.2280525
-0.002896882	103.1831592	103.2203876	103.1198936	103.2203869	103.1198916
-0.002875068	103.0622908	103.1123178	102.959466	103.1123167	102.9594621
-0.002853221	102.8867894	102.9470869	102.7836692	102.9470849	102.7996828
-0.002831337	102.7106488	102.7712326	102.6066121	102.7712307	102.6390167
-0.002809415	102.5316711	102.5938507	102.4251877	102.5938487	102.458233
-0.002787454	102.3498979	102.4123669	102.2119166	102.4123652	102.2627273
-0.002765448	102.0958602	102.1921827	101.9302612	102.1921805	101.9817404
-0.002743381	101.8126875	101.9102688	101.6449391	101.9102671	101.6970853
-0.002721253	101.5258517	101.6246886	101.355612	101.6246876	101.4087703
-0.002701081	101.2601041	101.3616428	101.0582911	101.3616422	101.1397758
-0.00267883	100.9552829	101.064404	100.7277229	101.064403	100.8195157
-0.002656507	100.6188185	100.7346049	100.3892561	100.7346033	100.4818539
-0.00263411	100.2793988	100.3961983	100.0478424	100.3961962	100.1412419
-0.002611635	99.93703633	100.0548442	99.70294592	100.0548419	99.79769195
-0.002589084	99.58947542	99.71011633	99.3140069	99.71011358	99.43584321
-0.002566446	99.16944373	99.32314267	98.86466498	99.32314004	98.98761138
-0.002543706	98.71879222	98.87388417	98.4112659	98.8738824	98.53531945
-0.002520862	98.26408714	98.42056831	97.95382095	98.42056741	98.07897853
-0.002497911	97.80533996	97.96320634	97.53421057	97.96320633	97.61860036
-0.002474847	97.22408236	97.54379292	96.66094324	97.54379376	96.83678959
-0.002451584	96.25680053	96.68076038	95.67397668	96.68076307	95.85592843
-0.002428082	95.25595058	95.69448023	94.65343984	95.69448371	94.84149774
-0.002404326	94.22152873	94.67462991	93.54618031	94.6746345	93.76442342
-0.002380291	93.03965381	93.57085463	91.90669788	93.57086159	92.34057648
-0.002355833	90.90415545	91.95586445	89.68392372	91.95588065	90.1341341
-0.002333026	88.64939613	89.73467094	87.3908849	89.7346864	87.85513561
-0.00230962	86.3244361	87.44320971	85.02773007	87.44322436	85.50598886
-0.002285563	83.92943784	85.08162876	82.59463986	85.08164252	83.08686758
-0.002260798	81.4645986	82.65010793	80.10521932	82.65012072	80.60570696
-0.002235262	78.9537967	80.16161938	77.53938154	80.16163099	78.0610853
-0.00220888	76.34115154	77.59806292	74.88496012	77.59807241	75.42198991
-0.002181562	73.65184577	74.94535959	72.15387682	74.94536528	72.70623111
-0.002150318	70.66881516	72.2159943	69.2769343	72.21599761	69.78394593
-0.002120799	68.21034991	69.34043289	66.2552668	69.34043281	67.3957108
-0.002021107	62.30757576	66.30420745	57.27372992	66.3042076	59.42639403
-0.001713701	51.68904976	57.31426505	47.09478868	57.31426611	50.10638719
-0.001092583	35.05598814	47.13550325	34.9941035	47.13550338	34.9941038
0	22.87130778	35.0249421	23.0767138	35.02494224	23.07671377
0.00212751	53.30467315	22.97400883	53.3189969	22.97400884	53.31899698
0.003726796	61.98312568	53.31195611	61.99317257	53.31195615	61.99317261
0.004707478	64.67038384	61.98822962	64.67893875	61.98822964	64.67893876
0.004763576	64.71671294	64.67472399	64.72522307	64.67472399	64.72522307
0.004770304	64.72227576	64.72103037	64.73170684	64.72103038	64.73170685
